-0.988895627469968	0.977791254939936	0.000816844121445936
0.977791254939936	-0.988895627469968	0.000816844121445936
-0.988895627469968	-0.988895627469968	0.000816844121445936
-0.940836205462751	0.881672410925502	0.00431142202249168
0.881672410925502	-0.940836205462751	0.00431142202249168
-0.940836205462751	-0.940836205462751	0.00431142202249168
-0.748209735373946	0.496419470747892	0.0166554558427177
0.496419470747892	-0.748209735373946	0.0166554558427177
-0.748209735373946	-0.748209735373946	0.0166554558427177
-0.587218456362896	0.174436912725792	0.0253859742847001
0.174436912725792	-0.587218456362896	0.0253859742847001
-0.587218456362896	-0.587218456362896	0.0253859742847001
-0.494998259215336	-0.010003481569328	0.0211503937331679
-0.010003481569328	-0.494998259215336	0.0211503937331679
-0.494998259215336	-0.494998259215336	0.0211503937331679
-0.395246207096266	-0.209507585807468	0.0297556004112258
-0.209507585807468	-0.395246207096266	0.0297556004112258
-0.395246207096266	-0.395246207096266	0.0297556004112258
-0.23562859360612	-0.52874281278776	0.0232205076783127
-0.52874281278776	-0.23562859360612	0.0232205076783127
-0.23562859360612	-0.23562859360612	0.0232205076783127
-0.165338586011998	-0.669322827976004	0.021863002372218
-0.669322827976004	-0.165338586011998	0.021863002372218
-0.165338586011998	-0.165338586011998	0.021863002372218
-0.075122108692008	-0.849755782615984	0.0179843752648631
-0.849755782615984	-0.075122108692008	0.0179843752648631
-0.075122108692008	-0.075122108692008	0.0179843752648631
-0.031785580305744	-0.936428839388512	0.0136732535656123
-0.936428839388512	-0.031785580305744	0.0136732535656123
-0.031785580305744	-0.031785580305744	0.0136732535656123
-0.006012290046298	-0.987975419907404	0.00644558929680469
-0.987975419907404	-0.006012290046298	0.00644558929680469
-0.006012290046298	-0.006012290046298	0.00644558929680469
-0.212084950217572	0.204652348010797	0.00406076600955724
0.204652348010797	-0.212084950217572	0.00406076600955724
-0.992567397793225	0.204652348010797	0.00406076600955724
0.204652348010797	-0.992567397793225	0.00406076600955724
-0.992567397793225	-0.212084950217572	0.00406076600955724
-0.212084950217572	-0.992567397793225	0.00406076600955724
-0.582719296807966	0.573045893050216	0.00414776489181973
0.573045893050216	-0.582719296807966	0.00414776489181973
-0.99032659624225	0.573045893050216	0.00414776489181973
0.573045893050216	-0.99032659624225	0.00414776489181973
-0.99032659624225	-0.582719296807966	0.00414776489181973
-0.582719296807966	-0.99032659624225	0.00414776489181973
-0.941004355240726	0.929542752275696	0.00196775571091796
0.929542752275696	-0.941004355240726	0.00196775571091796
-0.98853839703497	0.929542752275696	0.00196775571091796
0.929542752275696	-0.98853839703497	0.00196775571091796
-0.98853839703497	-0.941004355240726	0.00196775571091796
-0.941004355240726	-0.98853839703497	0.00196775571091796
-0.733644839265238	0.721870623564912	0.00409972147436183
0.721870623564912	-0.733644839265238	0.00409972147436183
-0.988225784299674	0.721870623564912	0.00409972147436183
0.721870623564912	-0.988225784299674	0.00409972147436183
-0.988225784299674	-0.733644839265238	0.00409972147436183
-0.733644839265238	-0.988225784299674	0.00409972147436183
-0.854859536192119	0.84297568958803	0.00318877467895126
0.84297568958803	-0.854859536192119	0.00318877467895126
-0.988116153395911	0.84297568958803	0.00318877467895126
0.84297568958803	-0.988116153395911	0.00318877467895126
-0.988116153395911	-0.854859536192119	0.00318877467895126
-0.854859536192119	-0.988116153395911	0.00318877467895126
-0.407789262902688	0.394519823849079	0.00630514808436599
0.394519823849079	-0.407789262902688	0.00630514808436599
-0.986730560946391	0.394519823849079	0.00630514808436599
0.394519823849079	-0.986730560946391	0.00630514808436599
-0.986730560946391	-0.407789262902688	0.00630514808436599
-0.407789262902688	-0.986730560946391	0.00630514808436599
-0.217634906537628	0.173248884757483	0.0108073962712169
0.173248884757483	-0.217634906537628	0.0108073962712169
-0.955613978219855	0.173248884757483	0.0108073962712169
0.173248884757483	-0.955613978219855	0.0108073962712169
-0.955613978219855	-0.217634906537628	0.0108073962712169
-0.217634906537628	-0.955613978219855	0.0108073962712169
-0.58763494636434	0.533363482873963	0.0107448066763378
0.533363482873963	-0.58763494636434	0.0107448066763378
-0.945728536509623	0.533363482873963	0.0107448066763378
0.533363482873963	-0.945728536509623	0.0107448066763378
-0.945728536509623	-0.58763494636434	0.0107448066763378
-0.58763494636434	-0.945728536509623	0.0107448066763378
-0.73974617232172	0.679888360780867	0.00881230884201362
0.679888360780867	-0.73974617232172	0.00881230884201362
-0.940142188459147	0.679888360780867	0.00881230884201362
0.679888360780867	-0.940142188459147	0.00881230884201362
-0.940142188459147	-0.73974617232172	0.00881230884201362
-0.73974617232172	-0.940142188459147	0.00881230884201362
-0.857837159071951	0.795251001014858	0.00707846385673943
0.795251001014858	-0.857837159071951	0.00707846385673943
-0.937413841942907	0.795251001014858	0.00707846385673943
0.795251001014858	-0.937413841942907	0.00707846385673943
-0.937413841942907	-0.857837159071951	0.00707846385673943
-0.857837159071951	-0.937413841942907	0.00707846385673943
-0.411325796970944	0.343092436385526	0.0139188356172491
0.343092436385526	-0.411325796970944	0.0139188356172491
-0.931766639414582	0.343092436385526	0.0139188356172491
0.343092436385526	-0.931766639414582	0.0139188356172491
-0.931766639414582	-0.411325796970944	0.0139188356172491
-0.411325796970944	-0.931766639414582	0.0139188356172491
-0.24309901070074	0.123490684395684	0.0169178837882519
0.123490684395684	-0.24309901070074	0.0169178837882519
-0.880391673694944	0.123490684395684	0.0169178837882519
0.123490684395684	-0.880391673694944	0.0169178837882519
-0.880391673694944	-0.24309901070074	0.0169178837882519
-0.24309901070074	-0.880391673694944	0.0169178837882519
-0.566825716157626	0.427626478251203	0.0160238179897809
0.427626478251203	-0.566825716157626	0.0160238179897809
-0.860800762093577	0.427626478251203	0.0160238179897809
0.427626478251203	-0.860800762093577	0.0160238179897809
-0.860800762093577	-0.566825716157626	0.0160238179897809
-0.566825716157626	-0.860800762093577	0.0160238179897809
-0.712892009872808	0.573119901169632	0.0134856598914174
0.573119901169632	-0.712892009872808	0.0134856598914174
-0.860227891296824	0.573119901169632	0.0134856598914174
0.573119901169632	-0.860227891296824	0.0134856598914174
-0.860227891296824	-0.712892009872808	0.0134856598914174
-0.712892009872808	-0.860227891296824	0.0134856598914174
-0.832118196617047	0.691189203683327	0.00662970315813149
0.691189203683327	-0.832118196617047	0.00662970315813149
-0.85907100706628	0.691189203683327	0.00662970315813149
0.691189203683327	-0.85907100706628	0.00662970315813149
-0.85907100706628	-0.832118196617047	0.00662970315813149
-0.832118196617047	-0.85907100706628	0.00662970315813149
-0.412387653613186	0.242767505696587	0.0192319529747807
0.242767505696587	-0.412387653613186	0.0192319529747807
-0.830379852083401	0.242767505696587	0.0192319529747807
0.242767505696587	-0.8303798520834	0.0192319529747807
-0.8303798520834	-0.412387653613186	0.0192319529747807
-0.412387653613186	-0.8303798520834	0.0192319529747807
-0.242739405937748	0.00483006164225597	0.0240150331176255
0.00483006164225591	-0.242739405937748	0.0240150331176255
-0.762090655704508	0.00483006164225597	0.0240150331176255
0.00483006164225594	-0.762090655704508	0.0240150331176255
-0.762090655704508	-0.242739405937748	0.0240150331176255
-0.242739405937748	-0.762090655704508	0.0240150331176255
-0.6021105139637	0.341276174025546	0.0222826526000703
0.341276174025546	-0.6021105139637	0.0222826526000703
-0.739165660061846	0.341276174025546	0.0222826526000703
0.341276174025546	-0.739165660061846	0.0222826526000703
-0.739165660061846	-0.6021105139637	0.0222826526000703
-0.6021105139637	-0.739165660061846	0.0222826526000703
-0.43617410843956	0.14380360321256	0.0236034283113599
0.14380360321256	-0.43617410843956	0.0236034283113599
-0.707629494773	0.14380360321256	0.0236034283113599
0.14380360321256	-0.707629494773	0.0236034283113599
-0.707629494773	-0.43617410843956	0.0236034283113599
-0.43617410843956	-0.707629494773	0.0236034283113599
-0.360879460370578	-0.0409643093901899	0.0253802500916044
-0.0409643093901899	-0.360879460370578	0.0253802500916044
-0.598156230239232	-0.0409643093901899	0.0253802500916044
-0.0409643093901899	-0.598156230239232	0.0253802500916044
-0.598156230239232	-0.360879460370578	0.0253802500916044
-0.360879460370578	-0.598156230239232	0.0253802500916044
