-0.333333333333333	-0.333333333333333	0.0253657470101528
-0.998680189255824	0.997360378511648	0.000130572176334563
0.997360378511647	-0.998680189255824	0.000130572176334563
-0.998680189255824	-0.998680189255824	0.000130572176334563
-0.87951771281154	0.75903542562308	0.00869091447651563
0.75903542562308	-0.87951771281154	0.00869091447651563
-0.87951771281154	-0.87951771281154	0.00869091447651563
-0.791584887674534	0.583169775349068	0.009868043297895
0.583169775349068	-0.791584887674534	0.009868043297895
-0.791584887674534	-0.791584887674534	0.009868043297895
-0.699531271881124	0.399062543762248	0.0104004761553113
0.399062543762248	-0.699531271881124	0.0104004761553113
-0.699531271881124	-0.699531271881124	0.0104004761553113
-0.616672898731002	0.233345797462004	0.0215284765221991
0.233345797462004	-0.616672898731002	0.0215284765221991
-0.616672898731002	-0.616672898731002	0.0215284765221991
-0.481284088699526	-0.037431822600948	0.0201223224081649
-0.037431822600948	-0.481284088699526	0.0201223224081649
-0.481284088699526	-0.481284088699526	0.0201223224081649
-0.25585403502261	-0.48829192995478	0.0109184062067355
-0.48829192995478	-0.25585403502261	0.0109184062067355
-0.25585403502261	-0.25585403502261	0.0109184062067355
-0.062525023693828	-0.874949952612344	0.0177354556108794
-0.874949952612344	-0.062525023693828	0.0177354556108794
-0.062525023693828	-0.062525023693828	0.0177354556108794
-0.0253698025329659	-0.949260394934068	0.00887003395472443
-0.949260394934068	-0.0253698025329659	0.00887003395472443
-0.0253698025329659	-0.0253698025329659	0.00887003395472443
-0.883757594252612	0.8752247297094	0.00214918757949799
0.8752247297094	-0.883757594252612	0.00214918757949799
-0.991467135456788	0.8752247297094	0.00214918757949799
0.8752247297094	-0.991467135456788	0.00214918757949799
-0.991467135456788	-0.883757594252612	0.00214918757949799
-0.883757594252612	-0.991467135456788	0.00214918757949799
-0.0981779481512181	0.0882645741087473	0.00472460146933873
0.0882645741087473	-0.0981779481512181	0.00472460146933873
-0.990086625957529	0.0882645741087473	0.00472460146933873
0.0882645741087473	-0.990086625957529	0.00472460146933873
-0.990086625957529	-0.0981779481512181	0.00472460146933873
-0.0981779481512181	-0.990086625957529	0.00472460146933873
-0.770150053027866	0.760090686362808	0.00332483772531959
0.760090686362808	-0.770150053027866	0.00332483772531959
-0.989940633334942	0.760090686362808	0.00332483772531959
0.760090686362808	-0.989940633334942	0.00332483772531959
-0.989940633334942	-0.770150053027866	0.00332483772531959
-0.770150053027866	-0.989940633334942	0.00332483772531959
-0.962084695701389	0.951945417736399	0.00145802469093921
0.951945417736399	-0.962084695701389	0.00145802469093921
-0.98986072203501	0.951945417736399	0.00145802469093921
0.951945417736399	-0.98986072203501	0.00145802469093921
-0.98986072203501	-0.962084695701389	0.00145802469093921
-0.962084695701389	-0.98986072203501	0.00145802469093921
-0.62689418819121	0.616582287632279	0.00411044193626856
0.616582287632279	-0.62689418819121	0.00411044193626856
-0.989688099441069	0.616582287632279	0.00411044193626856
0.616582287632279	-0.989688099441069	0.00411044193626856
-0.989688099441069	-0.62689418819121	0.00411044193626856
-0.62689418819121	-0.989688099441069	0.00411044193626856
-0.46123126131203	0.45087870117966	0.00461229749572348
0.45087870117966	-0.46123126131203	0.00461229749572348
-0.98964743986763	0.45087870117966	0.00461229749572348
0.45087870117966	-0.98964743986763	0.00461229749572348
-0.98964743986763	-0.46123126131203	0.00461229749572348
-0.46123126131203	-0.98964743986763	0.00461229749572348
-0.282686843875878	0.272105189498461	0.00493444924249362
0.272105189498461	-0.282686843875878	0.00493444924249362
-0.989418345622583	0.272105189498461	0.00493444924249362
0.272105189498461	-0.989418345622583	0.00493444924249362
-0.989418345622583	-0.282686843875878	0.00493444924249362
-0.282686843875878	-0.989418345622583	0.00493444924249362
-0.919464733266031	0.87556945637367	0.00355785712963698
0.87556945637367	-0.919464733266031	0.00355785712963698
-0.956104723107639	0.87556945637367	0.00355785712963698
0.87556945637367	-0.956104723107639	0.00355785712963698
-0.956104723107639	-0.919464733266031	0.00355785712963698
-0.919464733266031	-0.956104723107639	0.00355785712963698
-0.82797868846335	0.778015198938458	0.00641807936832392
0.778015198938458	-0.82797868846335	0.00641807936832392
-0.950036510475108	0.778015198938458	0.00641807936832392
0.778015198938458	-0.950036510475108	0.00641807936832392
-0.950036510475108	-0.82797868846335	0.00641807936832392
-0.82797868846335	-0.950036510475108	0.00641807936832392
-0.696047941907792	0.643078983918253	0.00854621088885878
0.643078983918253	-0.696047941907792	0.00854621088885878
-0.947031042010461	0.643078983918253	0.00854621088885878
0.643078983918253	-0.947031042010461	0.00854621088885878
-0.947031042010461	-0.696047941907792	0.00854621088885878
-0.696047941907792	-0.947031042010461	0.00854621088885878
-0.1883333587464	0.13469578230948	0.0103515363422849
0.13469578230948	-0.1883333587464	0.0103515363422849
-0.94636242356308	0.13469578230948	0.0103515363422849
0.13469578230948	-0.94636242356308	0.0103515363422849
-0.94636242356308	-0.1883333587464	0.0103515363422849
-0.1883333587464	-0.94636242356308	0.0103515363422849
-0.538686335914356	0.484798682380503	0.0100744125185585
0.484798682380503	-0.538686335914356	0.0100744125185585
-0.946112346466147	0.484798682380503	0.0100744125185585
0.484798682380503	-0.946112346466147	0.0100744125185585
-0.946112346466147	-0.538686335914356	0.0100744125185585
-0.538686335914356	-0.946112346466147	0.0100744125185585
-0.366403222136172	0.311317574807534	0.0109946639742694
0.311317574807534	-0.366403222136172	0.0109946639742694
-0.944914352671362	0.311317574807534	0.0109946639742694
0.311317574807534	-0.944914352671362	0.0109946639742694
-0.944914352671362	-0.366403222136172	0.0109946639742694
-0.366403222136172	-0.944914352671362	0.0109946639742694
-0.764212616295282	0.642982264469166	0.0106603714323552
0.642982264469166	-0.764212616295282	0.0106603714323552
-0.878769648173884	0.642982264469166	0.0106603714323552
0.642982264469166	-0.878769648173884	0.0106603714323552
-0.878769648173884	-0.764212616295282	0.0106603714323552
-0.764212616295282	-0.878769648173884	0.0106603714323552
-0.616776389446242	0.489125741726096	0.0138353790438207
0.489125741726096	-0.616776389446242	0.0138353790438207
-0.872349352279854	0.489125741726096	0.0138353790438207
0.489125741726096	-0.872349352279854	0.0138353790438207
-0.872349352279854	-0.616776389446242	0.0138353790438207
-0.616776389446242	-0.872349352279854	0.0138353790438207
-0.261635653801428	0.131271522677942	0.0177083775640245
0.131271522677942	-0.261635653801428	0.0177083775640245
-0.869635868876514	0.131271522677942	0.0177083775640245
0.131271522677942	-0.869635868876514	0.0177083775640245
-0.869635868876514	-0.261635653801428	0.0177083775640245
-0.261635653801428	-0.869635868876514	0.0177083775640245
-0.45030065672426	0.316632122196801	0.017038425087505
0.316632122196801	-0.45030065672426	0.017038425087505
-0.866331465472541	0.316632122196801	0.017038425087505
0.316632122196801	-0.866331465472541	0.017038425087505
-0.866331465472541	-0.45030065672426	0.017038425087505
-0.45030065672426	-0.866331465472541	0.017038425087505
-0.675888475106704	0.463092899352144	0.0113072189945645
0.463092899352144	-0.675888475106704	0.0113072189945645
-0.78720442424544	0.463092899352144	0.0113072189945645
0.463092899352144	-0.78720442424544	0.0113072189945645
-0.78720442424544	-0.675888475106704	0.0113072189945645
-0.675888475106704	-0.78720442424544	0.0113072189945645
-0.198410097402204	-0.0321151238045199	0.0198023726510206
-0.0321151238045199	-0.198410097402204	0.0198023726510206
-0.769474778793276	-0.0321151238045199	0.0198023726510206
-0.0321151238045199	-0.769474778793276	0.0198023726510206
-0.769474778793276	-0.198410097402204	0.0198023726510206
-0.198410097402204	-0.769474778793276	0.0198023726510206
-0.374670242924086	0.135127520385118	0.0208841888728717
0.135127520385118	-0.374670242924086	0.0208841888728717
-0.760457277461032	0.135127520385118	0.0208841888728717
0.135127520385118	-0.760457277461032	0.0208841888728717
-0.760457277461032	-0.374670242924086	0.0208841888728717
-0.374670242924086	-0.760457277461032	0.0208841888728717
-0.543036720626624	0.299804544079792	0.0196470863378918
0.299804544079792	-0.543036720626624	0.0196470863378918
-0.756767823453168	0.299804544079792	0.0196470863378918
0.299804544079792	-0.756767823453168	0.0196470863378918
-0.756767823453168	-0.543036720626624	0.0196470863378918
-0.543036720626624	-0.756767823453168	0.0196470863378918
-0.272324156622388	-0.088318159223928	0.025743927904871
-0.0883181592239281	-0.272324156622388	0.025743927904871
-0.639357684153684	-0.088318159223928	0.025743927904871
-0.0883181592239281	-0.639357684153684	0.025743927904871
-0.639357684153684	-0.272324156622388	0.025743927904871
-0.272324156622388	-0.639357684153684	0.025743927904871
-0.456424439691054	0.082965210161722	0.0243952823523813
0.082965210161722	-0.456424439691054	0.0243952823523813
-0.626540770470668	0.082965210161722	0.0243952823523813
0.082965210161722	-0.626540770470668	0.0243952823523813
-0.626540770470668	-0.456424439691054	0.0243952823523813
-0.456424439691054	-0.626540770470668	0.0243952823523813
-0.346138391662258	-0.161709646560706	0.0186941278244415
-0.161709646560706	-0.346138391662258	0.0186941278244415
-0.492151961777036	-0.161709646560706	0.0186941278244415
-0.161709646560706	-0.492151961777036	0.0186941278244415
-0.492151961777036	-0.346138391662258	0.0186941278244415
-0.346138391662258	-0.492151961777036	0.0186941278244415
