-0.991998904854152	0.983997809708303	0.000414270802268977
0.983997809708303	-0.991998904854152	0.000414270802268977
-0.991998904854152	-0.991998904854152	0.000414270802268977
-0.921205291363433	0.842410582726866	0.00427574365326036
0.842410582726866	-0.921205291363433	0.00427574365326036
-0.921205291363433	-0.921205291363433	0.00427574365326036
-0.848696359101477	0.697392718202954	0.00753455125211073
0.697392718202954	-0.848696359101477	0.00753455125211073
-0.848696359101477	-0.848696359101477	0.00753455125211073
-0.787650392599302	0.575300785198604	0.00979638432381884
0.575300785198604	-0.787650392599302	0.00979638432381884
-0.787650392599302	-0.787650392599302	0.00979638432381884
-0.56346467734707	0.12692935469414	0.0182665747840717
0.12692935469414	-0.56346467734707	0.0182665747840717
-0.56346467734707	-0.56346467734707	0.0182665747840717
-0.467937411049794	-0.0641251779004119	0.0188353769920975
-0.0641251779004119	-0.467937411049794	0.0188353769920975
-0.467937411049794	-0.467937411049794	0.0188353769920975
-0.374816138574006	-0.250367722851988	0.0165140925635478
-0.250367722851988	-0.374816138574006	0.0165140925635478
-0.374816138574006	-0.374816138574006	0.0165140925635478
-0.118476447511878	-0.763047104976244	0.0172571075645816
-0.763047104976244	-0.118476447511878	0.0172571075645816
-0.118476447511878	-0.118476447511878	0.0172571075645816
-0.069663847237276	-0.860672305525448	0.0136006099772437
-0.860672305525448	-0.0696638472372761	0.0136006099772437
-0.069663847237276	-0.0696638472372761	0.0136006099772437
-0.019721790706666	-0.960556418586668	0.00422497421193332
-0.960556418586668	-0.019721790706666	0.00422497421193332
-0.019721790706666	-0.019721790706666	0.00422497421193332
0.0	-1.0	0.00116214176752071
-1.0	0.0	0.00116214176752071
0.0	0.0	0.00116214176752071
-0.897720730920579	0.897145867295158	0.000587518120085706
0.897145867295158	-0.897720730920579	0.000587518120085706
-0.999425136374579	0.897145867295158	0.000587518120085706
0.897145867295158	-0.999425136374579	0.000587518120085706
-0.999425136374579	-0.897720730920579	0.000587518120085706
-0.897720730920579	-0.999425136374579	0.000587518120085706
-0.215935052867266	0.211854663418673	0.00206938878676854
0.211854663418673	-0.215935052867266	0.00206938878676854
-0.995919610551407	0.211854663418673	0.00206938878676854
0.211854663418673	-0.995919610551407	0.00206938878676854
-0.995919610551407	-0.215935052867266	0.00206938878676854
-0.215935052867266	-0.995919610551407	0.00206938878676854
-0.7967806709582	0.789830485770379	0.00197409078543937
0.789830485770379	-0.7967806709582	0.00197409078543937
-0.993049814812179	0.789830485770379	0.00197409078543937
0.789830485770379	-0.993049814812179	0.00197409078543937
-0.993049814812179	-0.7967806709582	0.00197409078543937
-0.7967806709582	-0.993049814812179	0.00197409078543937
-0.531938211551034	0.524160774093531	0.00299540946587512
0.524160774093531	-0.531938211551034	0.00299540946587512
-0.992222562542497	0.524160774093531	0.00299540946587512
0.524160774093531	-0.992222562542497	0.00299540946587512
-0.992222562542497	-0.531938211551034	0.00299540946587512
-0.531938211551034	-0.992222562542497	0.00299540946587512
-0.959637402346004	0.951628500266491	0.000883776508382888
0.951628500266491	-0.959637402346004	0.000883776508382888
-0.991991097920487	0.951628500266491	0.000883776508382888
0.951628500266491	-0.991991097920487	0.000883776508382888
-0.991991097920487	-0.959637402346004	0.000883776508382888
-0.959637402346004	-0.991991097920487	0.000883776508382888
-0.674810035860932	0.666094928411522	0.00297355654695508
0.666094928411522	-0.674810035860932	0.00297355654695508
-0.99128489255059	0.666094928411522	0.00297355654695508
0.666094928411522	-0.99128489255059	0.00297355654695508
-0.99128489255059	-0.674810035860932	0.00297355654695508
-0.674810035860932	-0.99128489255059	0.00297355654695508
-0.379183631654508	0.370155788560517	0.00360978819972573
0.370155788560517	-0.379183631654508	0.00360978819972573
-0.990972156906009	0.370155788560517	0.00360978819972573
0.370155788560517	-0.990972156906009	0.00360978819972573
-0.990972156906009	-0.379183631654508	0.00360978819972573
-0.379183631654508	-0.990972156906009	0.00360978819972573
-0.104755442317638	0.0865789400695784	0.00484679310607259
0.0865789400695784	-0.104755442317638	0.00484679310607259
-0.98182349775194	0.0865789400695784	0.00484679310607259
0.0865789400695784	-0.98182349775194	0.00484679310607259
-0.98182349775194	-0.104755442317638	0.00484679310607259
-0.104755442317638	-0.98182349775194	0.00484679310607259
-0.879022857722738	0.854867106243702	0.00312885296560761
0.854867106243702	-0.879022857722738	0.00312885296560761
-0.975844248520964	0.854867106243702	0.00312885296560761
0.854867106243702	-0.975844248520964	0.00312885296560761
-0.975844248520964	-0.879022857722738	0.00312885296560761
-0.879022857722738	-0.975844248520964	0.00312885296560761
-0.942106139857264	0.913297133392988	0.0016537482005343
0.913297133392988	-0.942106139857264	0.0016537482005343
-0.971190993535724	0.913297133392988	0.0016537482005343
0.913297133392988	-0.971190993535724	0.0016537482005343
-0.971190993535724	-0.942106139857264	0.0016537482005343
-0.942106139857264	-0.971190993535724	0.0016537482005343
-0.266702982040308	0.231130173922078	0.00738101776556272
0.231130173922077	-0.266702982040308	0.00738101776556272
-0.96442719188177	0.231130173922078	0.00738101776556272
0.231130173922078	-0.96442719188177	0.00738101776556272
-0.96442719188177	-0.266702982040308	0.00738101776556272
-0.266702982040308	-0.96442719188177	0.00738101776556272
-0.77933770004099	0.741518041063355	0.00419421562788457
0.741518041063355	-0.77933770004099	0.00419421562788457
-0.962180341022365	0.741518041063355	0.00419421562788457
0.741518041063355	-0.962180341022365	0.00419421562788457
-0.962180341022365	-0.77933770004099	0.00419421562788457
-0.77933770004099	-0.962180341022365	0.00419421562788457
-0.572301453354908	0.531693917792608	0.00589262032855301
0.531693917792608	-0.572301453354908	0.00589262032855301
-0.9593924644377	0.531693917792608	0.00589262032855301
0.531693917792608	-0.9593924644377	0.00589262032855301
-0.9593924644377	-0.572301453354908	0.00589262032855301
-0.572301453354908	-0.9593924644377	0.00589262032855301
-0.437899132803322	0.39167265888823	0.00775554159261196
0.39167265888823	-0.437899132803322	0.00775554159261196
-0.953773526084908	0.39167265888823	0.00775554159261196
0.39167265888823	-0.953773526084908	0.00775554159261196
-0.953773526084908	-0.437899132803322	0.00775554159261196
-0.437899132803322	-0.953773526084908	0.00775554159261196
-0.686572015609646	0.638791848029334	0.0053040881736363
0.638791848029334	-0.686572015609646	0.0053040881736363
-0.952219832419688	0.638791848029334	0.0053040881736363
0.638791848029334	-0.952219832419688	0.0053040881736363
-0.952219832419688	-0.686572015609646	0.0053040881736363
-0.686572015609646	-0.952219832419688	0.0053040881736363
-0.139572998871884	0.0651532393289736	0.0110692377902522
0.0651532393289736	-0.139572998871884	0.0110692377902522
-0.92558024045709	0.0651532393289736	0.0110692377902522
0.0651532393289736	-0.92558024045709	0.0110692377902522
-0.92558024045709	-0.139572998871884	0.0110692377902522
-0.139572998871884	-0.92558024045709	0.0110692377902522
-0.844264954007231	0.768560346041554	0.00556307046799753
0.768560346041554	-0.844264954007231	0.00556307046799753
-0.924295392034323	0.768560346041554	0.00556307046799753
0.768560346041554	-0.924295392034323	0.00556307046799753
-0.924295392034323	-0.844264954007231	0.00556307046799753
-0.844264954007231	-0.924295392034323	0.00556307046799753
-0.319656028000692	0.225819899292867	0.0112516958688293
0.225819899292867	-0.319656028000692	0.0112516958688293
-0.906163871292175	0.225819899292867	0.0112516958688293
0.225819899292867	-0.906163871292175	0.0112516958688293
-0.906163871292175	-0.319656028000692	0.0112516958688293
-0.319656028000692	-0.906163871292175	0.0112516958688293
-0.609452108340556	0.50553290284694	0.0101264480056698
0.50553290284694	-0.609452108340556	0.0101264480056698
-0.896080794506384	0.50553290284694	0.0101264480056698
0.50553290284694	-0.896080794506384	0.0101264480056698
-0.896080794506384	-0.609452108340556	0.0101264480056698
-0.609452108340556	-0.896080794506384	0.0101264480056698
-0.744852480704244	0.636073401203525	0.00929791810962488
0.636073401203525	-0.744852480704244	0.00929791810962488
-0.891220920499281	0.636073401203525	0.00929791810962488
0.636073401203525	-0.891220920499281	0.00929791810962488
-0.891220920499281	-0.744852480704244	0.00929791810962488
-0.744852480704244	-0.891220920499281	0.00929791810962488
-0.478009274252232	0.367829081016256	0.0106390721546016
0.367829081016255	-0.478009274252232	0.0106390721546016
-0.889819806764024	0.367829081016256	0.0106390721546016
0.367829081016256	-0.889819806764023	0.0106390721546016
-0.889819806764024	-0.478009274252232	0.0106390721546016
-0.478009274252232	-0.889819806764023	0.0106390721546016
-0.239123937477524	0.0815143050710005	0.0143142271865614
0.0815143050710005	-0.239123937477524	0.0143142271865614
-0.842390367593477	0.0815143050710005	0.0143142271865614
0.0815143050710005	-0.842390367593477	0.0143142271865614
-0.842390367593477	-0.239123937477524	0.0143142271865614
-0.239123937477524	-0.842390367593477	0.0143142271865614
-0.408530022407662	0.225008179453407	0.0144797578818936
0.225008179453407	-0.408530022407662	0.0144797578818936
-0.816478157045745	0.225008179453407	0.0144797578818936
0.225008179453407	-0.816478157045745	0.0144797578818936
-0.816478157045745	-0.408530022407662	0.0144797578818936
-0.408530022407662	-0.816478157045745	0.0144797578818936
-0.682451161598854	0.495285478635062	0.0112748415224103
0.495285478635062	-0.682451161598854	0.0112748415224103
-0.812834317036208	0.495285478635062	0.0112748415224103
0.495285478635062	-0.812834317036208	0.0112748415224103
-0.812834317036208	-0.682451161598854	0.0112748415224103
-0.682451161598854	-0.812834317036208	0.0112748415224103
-0.561396593520432	0.360811388740066	0.0140521012696889
0.360811388740066	-0.561396593520432	0.0140521012696889
-0.799414795219634	0.360811388740066	0.0140521012696889
0.360811388740066	-0.799414795219634	0.0140521012696889
-0.799414795219634	-0.561396593520432	0.0140521012696889
-0.561396593520432	-0.799414795219634	0.0140521012696889
-0.281779452172298	0.0259330852306181	0.015779114066881
0.0259330852306181	-0.281779452172298	0.015779114066881
-0.74415363305832	0.0259330852306181	0.015779114066881
0.0259330852306181	-0.74415363305832	0.015779114066881
-0.74415363305832	-0.281779452172298	0.015779114066881
-0.281779452172298	-0.74415363305832	0.015779114066881
-0.42970860065979	0.144797860026662	0.0147147250182528
0.144797860026662	-0.42970860065979	0.0147147250182528
-0.715089259366872	0.144797860026662	0.0147147250182528
0.144797860026662	-0.715089259366872	0.0147147250182528
-0.715089259366872	-0.42970860065979	0.0147147250182528
-0.42970860065979	-0.715089259366872	0.0147147250182528
-0.694662354366886	0.39222159209518	0.00782516460722769
0.39222159209518	-0.694662354366886	0.00782516460722769
-0.697559237728294	0.39222159209518	0.00782516460722769
0.39222159209518	-0.697559237728294	0.00782516460722769
-0.697559237728294	-0.694662354366886	0.00782516460722769
-0.694662354366886	-0.697559237728294	0.00782516460722769
-0.56503003960826	0.254234395836192	0.0159300643381308
0.254234395836192	-0.56503003960826	0.0159300643381308
-0.689204356227932	0.254234395836192	0.0159300643381308
0.254234395836192	-0.689204356227932	0.0159300643381308
-0.689204356227932	-0.56503003960826	0.0159300643381308
-0.56503003960826	-0.689204356227932	0.0159300643381308
-0.25244709425832	-0.106371440517784	0.0182429588274966
-0.106371440517784	-0.25244709425832	0.0182429588274966
-0.641181465223896	-0.106371440517784	0.0182429588274966
-0.106371440517784	-0.641181465223896	0.0182429588274966
-0.641181465223896	-0.25244709425832	0.0182429588274966
-0.25244709425832	-0.641181465223896	0.0182429588274966
-0.412772506728032	0.0202669194038201	0.0185885228645286
0.02026691940382	-0.412772506728032	0.0185885228645286
-0.607494412675788	0.0202669194038201	0.0185885228645286
0.0202669194038201	-0.607494412675788	0.0185885228645286
-0.607494412675788	-0.412772506728032	0.0185885228645286
-0.412772506728032	-0.607494412675788	0.0185885228645286
-0.315429929359632	-0.17413074390425	0.0189930932333632
-0.17413074390425	-0.315429929359632	0.0189930932333632
-0.510439326736118	-0.17413074390425	0.0189930932333632
-0.17413074390425	-0.510439326736118	0.0189930932333632
-0.510439326736118	-0.315429929359632	0.0189930932333632
-0.315429929359632	-0.510439326736118	0.0189930932333632
