-0.993668790843826	0.987337581687652	0.000269012270360416
0.987337581687652	-0.993668790843826	0.000269012270360416
-0.993668790843826	-0.993668790843826	0.000269012270360416
-0.963646084329086	0.927292168658173	0.00168849104277899
0.927292168658173	-0.963646084329086	0.00168849104277899
-0.963646084329086	-0.963646084329086	0.00168849104277899
-0.899789277454979	0.799578554909958	0.00519478872453002
0.799578554909958	-0.899789277454979	0.00519478872453002
-0.899789277454979	-0.899789277454979	0.00519478872453002
-0.821321612363157	0.642643224726313	0.008577871229926
0.642643224726313	-0.821321612363157	0.008577871229926
-0.821321612363157	-0.821321612363157	0.008577871229926
-0.744888240161862	0.489776480323724	0.00979912004935195
0.489776480323724	-0.744888240161862	0.00979912004935195
-0.744888240161862	-0.744888240161862	0.00979912004935195
-0.484691379061416	-0.030617241877168	0.0197720188401402
-0.030617241877168	-0.484691379061416	0.0197720188401402
-0.484691379061416	-0.484691379061416	0.0197720188401402
-0.330616074359098	-0.338767851281804	0.00722702607633767
-0.338767851281804	-0.330616074359098	0.00722702607633767
-0.330616074359098	-0.330616074359098	0.00722702607633767
-0.21090098427762	-0.57819803144476	0.00942935770518683
-0.57819803144476	-0.21090098427762	0.00942935770518683
-0.21090098427762	-0.21090098427762	0.00942935770518683
-0.182835336740678	-0.634329326518644	0.0130572888069102
-0.634329326518644	-0.182835336740678	0.0130572888069102
-0.182835336740678	-0.182835336740678	0.0130572888069102
-0.117014183961794	-0.765971632076412	0.00480539003565451
-0.765971632076412	-0.117014183961794	0.00480539003565451
-0.117014183961794	-0.117014183961794	0.00480539003565451
-0.018911566720946	-0.962176866558108	0.0071764832430065
-0.962176866558108	-0.0189115667209459	0.0071764832430065
-0.018911566720946	-0.0189115667209459	0.0071764832430065
-0.00358941440385996	-0.99282117119228	0.00296436418766321
-0.99282117119228	-0.00358941440385996	0.00296436418766321
-0.00358941440385996	-0.00358941440385996	0.00296436418766321
-0.61045201385286	0.603594475813682	0.00230906682413302
0.603594475813682	-0.61045201385286	0.00230906682413302
-0.993142461960822	0.603594475813682	0.00230906682413302
0.603594475813682	-0.993142461960822	0.00230906682413302
-0.993142461960822	-0.61045201385286	0.00230906682413302
-0.61045201385286	-0.993142461960822	0.00230906682413302
-0.965570615899041	0.958668467699721	0.000711016722932162
0.958668467699721	-0.965570615899041	0.000711016722932162
-0.99309785180068	0.958668467699721	0.000711016722932162
0.958668467699721	-0.99309785180068	0.000711016722932162
-0.99309785180068	-0.965570615899041	0.000711016722932162
-0.965570615899041	-0.99309785180068	0.000711016722932162
-0.471931440442878	0.464952514937888	0.00260057014111318
0.464952514937888	-0.471931440442878	0.00260057014111318
-0.99302107449501	0.464952514937888	0.00260057014111318
0.464952514937888	-0.99302107449501	0.00260057014111318
-0.99302107449501	-0.471931440442878	0.00260057014111318
-0.471931440442878	-0.99302107449501	0.00260057014111318
-0.321089734904944	0.314049214374103	0.00276576977705479
0.314049214374103	-0.321089734904944	0.00276576977705479
-0.992959479469159	0.314049214374103	0.00276576977705479
0.314049214374103	-0.992959479469159	0.00276576977705479
-0.992959479469159	-0.321089734904944	0.00276576977705479
-0.321089734904944	-0.992959479469159	0.00276576977705479
-0.733123989819498	0.725926192869326	0.00208298810936692
0.725926192869326	-0.733123989819498	0.00208298810936692
-0.992802203049828	0.725926192869326	0.00208298810936692
0.725926192869326	-0.992802203049828	0.00208298810936692
-0.992802203049828	-0.733123989819498	0.00208298810936692
-0.733123989819498	-0.992802203049828	0.00208298810936692
-0.164180906625792	0.156738497785613	0.00303742534914128
0.156738497785613	-0.164180906625792	0.00303742534914128
-0.992557591159821	0.156738497785613	0.00303742534914128
0.156738497785613	-0.992557591159821	0.00303742534914128
-0.992557591159821	-0.164180906625792	0.00303742534914128
-0.164180906625792	-0.992557591159821	0.00303742534914128
-0.835034004556985	0.827276315217844	0.00179392611412759
0.827276315217844	-0.835034004556985	0.00179392611412759
-0.99224231066086	0.827276315217844	0.00179392611412759
0.827276315217844	-0.99224231066086	0.00179392611412759
-0.99224231066086	-0.835034004556985	0.00179392611412759
-0.835034004556985	-0.99224231066086	0.00179392611412759
-0.912843650055127	0.905062531708492	0.0013017157106128
0.905062531708492	-0.912843650055127	0.0013017157106128
-0.992218881653364	0.905062531708492	0.0013017157106128
0.905062531708492	-0.992218881653365	0.0013017157106128
-0.992218881653365	-0.912843650055127	0.0013017157106128
-0.912843650055127	-0.992218881653365	0.0013017157106128
-0.348126908797346	0.3188879412708	0.00178016812559677
0.3188879412708	-0.348126908797346	0.00178016812559677
-0.970761032473454	0.3188879412708	0.00178016812559677
0.3188879412708	-0.970761032473454	0.00178016812559677
-0.970761032473454	-0.348126908797346	0.00178016812559677
-0.348126908797346	-0.970761032473454	0.00178016812559677
-0.62913628364503	0.593151395417215	0.00509324240564907
0.593151395417215	-0.62913628364503	0.00509324240564907
-0.964015111772184	0.593151395417215	0.00509324240564907
0.593151395417215	-0.964015111772184	0.00509324240564907
-0.964015111772184	-0.62913628364503	0.00509324240564907
-0.62913628364503	-0.964015111772184	0.00509324240564907
-0.494929394475654	0.458196605266734	0.00593428234071626
0.458196605266734	-0.494929394475654	0.00593428234071626
-0.96326721079108	0.458196605266734	0.00593428234071626
0.458196605266734	-0.96326721079108	0.00593428234071626
-0.96326721079108	-0.494929394475654	0.00593428234071626
-0.494929394475654	-0.96326721079108	0.00593428234071626
-0.744505721604366	0.706727475329944	0.00440080078308578
0.706727475329944	-0.744505721604366	0.00440080078308578
-0.962221753725577	0.706727475329944	0.00440080078308578
0.706727475329944	-0.962221753725577	0.00440080078308578
-0.962221753725577	-0.744505721604366	0.00440080078308578
-0.744505721604366	-0.962221753725577	0.00440080078308578
-0.186148057669772	0.147444219494806	0.00711372700390542
0.147444219494806	-0.186148057669772	0.00711372700390542
-0.961296161825034	0.147444219494806	0.00711372700390542
0.147444219494806	-0.961296161825034	0.00711372700390542
-0.961296161825034	-0.186148057669772	0.00711372700390542
-0.186148057669772	-0.961296161825034	0.00711372700390542
-0.910929861202453	0.870174279803404	0.00290473015819548
0.870174279803404	-0.910929861202453	0.00290473015819548
-0.959244418600951	0.870174279803404	0.00290473015819548
0.870174279803404	-0.959244418600951	0.00290473015819548
-0.959244418600951	-0.910929861202453	0.00290473015819548
-0.910929861202453	-0.959244418600951	0.00290473015819548
-0.837765467895463	0.796936709107779	0.00382005140585815
0.796936709107779	-0.837765467895463	0.00382005140585815
-0.959171241212317	0.796936709107779	0.00382005140585815
0.796936709107779	-0.959171241212316	0.00382005140585815
-0.959171241212317	-0.837765467895463	0.00382005140585815
-0.837765467895463	-0.959171241212316	0.00382005140585815
-0.343836260181474	0.302029556704662	0.00527604581592803
0.302029556704662	-0.343836260181474	0.00527604581592803
-0.958193296523188	0.302029556704662	0.00527604581592803
0.302029556704662	-0.958193296523188	0.00527604581592803
-0.958193296523188	-0.343836260181474	0.00527604581592803
-0.343836260181474	-0.958193296523188	0.00527604581592803
-0.589768240453648	0.501393552584318	0.00838504851006858
0.501393552584318	-0.589768240453648	0.00838504851006858
-0.91162531213067	0.501393552584318	0.00838504851006858
0.501393552584318	-0.91162531213067	0.00838504851006858
-0.91162531213067	-0.589768240453648	0.00838504851006858
-0.589768240453648	-0.91162531213067	0.00838504851006858
-0.71178004869527	0.622894931147527	0.00703805078558101
0.622894931147528	-0.71178004869527	0.00703805078558101
-0.911114882452257	0.622894931147527	0.00703805078558101
0.622894931147528	-0.911114882452257	0.00703805078558101
-0.911114882452257	-0.71178004869527	0.00703805078558101
-0.71178004869527	-0.911114882452257	0.00703805078558101
-0.449428772448036	0.358731071770074	0.00958862818688009
0.358731071770074	-0.449428772448036	0.00958862818688009
-0.909302299322037	0.358731071770074	0.00958862818688009
0.358731071770074	-0.909302299322038	0.00958862818688009
-0.909302299322037	-0.449428772448036	0.00958862818688009
-0.449428772448036	-0.909302299322038	0.00958862818688009
-0.128377658021546	0.0359264871261051	0.010755022344492
0.0359264871261052	-0.128377658021546	0.010755022344492
-0.907548829104559	0.0359264871261051	0.010755022344492
0.0359264871261052	-0.907548829104559	0.010755022344492
-0.907548829104559	-0.128377658021546	0.010755022344492
-0.128377658021546	-0.907548829104559	0.010755022344492
-0.292732444205412	0.197197704679602	0.0109635599629933
0.197197704679602	-0.292732444205412	0.0109635599629933
-0.90446526047419	0.197197704679602	0.0109635599629933
0.197197704679602	-0.90446526047419	0.0109635599629933
-0.90446526047419	-0.292732444205412	0.0109635599629933
-0.292732444205412	-0.90446526047419	0.0109635599629933
-0.8156771119354	0.717931706535144	0.00658696257828026
0.717931706535144	-0.8156771119354	0.00658696257828026
-0.902254594599743	0.717931706535144	0.00658696257828026
0.717931706535144	-0.902254594599743	0.00658696257828026
-0.902254594599743	-0.8156771119354	0.00658696257828026
-0.8156771119354	-0.902254594599743	0.00658696257828026
-0.71378089295511	0.55202672739631	0.00974848643163726
0.55202672739631	-0.71378089295511	0.00974848643163726
-0.8382458344412	0.55202672739631	0.00974848643163726
0.55202672739631	-0.8382458344412	0.00974848643163726
-0.8382458344412	-0.71378089295511	0.00974848643163726
-0.71378089295511	-0.8382458344412	0.00974848643163726
-0.587626144099144	0.424653038461985	0.0113710936880775
0.424653038461985	-0.587626144099144	0.0113710936880775
-0.837026894362841	0.424653038461985	0.0113710936880775
0.424653038461985	-0.837026894362841	0.0113710936880775
-0.837026894362841	-0.587626144099144	0.0113710936880775
-0.587626144099144	-0.837026894362841	0.0113710936880775
-0.448177188159852	0.282457026309182	0.0122121776131636
0.282457026309182	-0.448177188159852	0.0122121776131636
-0.83427983814933	0.282457026309182	0.0122121776131636
0.282457026309182	-0.83427983814933	0.0122121776131636
-0.83427983814933	-0.448177188159852	0.0122121776131636
-0.448177188159852	-0.83427983814933	0.0122121776131636
-0.159935589507084	-0.00759463321643361	0.0125385131674073
-0.00759463321643361	-0.159935589507084	0.0125385131674073
-0.832469777276482	-0.00759463321643361	0.0125385131674073
-0.00759463321643362	-0.832469777276482	0.0125385131674073
-0.832469777276482	-0.159935589507084	0.0125385131674073
-0.159935589507084	-0.832469777276482	0.0125385131674073
-0.307483246300044	0.131729437150009	0.0130777029645242
0.131729437150009	-0.307483246300044	0.0130777029645242
-0.824246190849965	0.131729437150009	0.0130777029645242
0.131729437150009	-0.824246190849965	0.0130777029645242
-0.824246190849965	-0.307483246300044	0.0130777029645242
-0.307483246300044	-0.824246190849965	0.0130777029645242
-0.638708480452994	0.383344116416718	0.0118797008102328
0.383344116416718	-0.638708480452994	0.0118797008102328
-0.744635635963724	0.383344116416718	0.0118797008102328
0.383344116416718	-0.744635635963724	0.0118797008102328
-0.744635635963724	-0.638708480452994	0.0118797008102328
-0.638708480452994	-0.744635635963724	0.0118797008102328
-0.51007842895915	0.251551230169976	0.0140511870638662
0.251551230169976	-0.51007842895915	0.0140511870638662
-0.741472801210826	0.251551230169976	0.0140511870638662
0.251551230169976	-0.741472801210826	0.0140511870638662
-0.741472801210826	-0.51007842895915	0.0140511870638662
-0.51007842895915	-0.741472801210826	0.0140511870638662
-0.226806450275866	-0.045167304358502	0.0158704503130349
-0.045167304358502	-0.226806450275866	0.0158704503130349
-0.728026245365632	-0.045167304358502	0.0158704503130349
-0.045167304358502	-0.728026245365632	0.0158704503130349
-0.728026245365632	-0.226806450275866	0.0158704503130349
-0.226806450275866	-0.728026245365632	0.0158704503130349
-0.37562876908586	0.102815623779462	0.0156380567181518
0.102815623779462	-0.37562876908586	0.0156380567181518
-0.727186854693602	0.102815623779462	0.0156380567181518
0.102815623779462	-0.727186854693602	0.0156380567181518
-0.727186854693602	-0.37562876908586	0.0156380567181518
-0.37562876908586	-0.727186854693602	0.0156380567181518
-0.610926101840778	0.260369619539256	0.008447797218013
0.260369619539256	-0.610926101840778	0.008447797218013
-0.649443517698478	0.260369619539256	0.008447797218013
0.260369619539256	-0.649443517698478	0.008447797218013
-0.649443517698478	-0.610926101840778	0.008447797218013
-0.610926101840778	-0.649443517698478	0.008447797218013
-0.497894475990824	0.116714169189558	0.0175993870219851
0.116714169189558	-0.497894475990824	0.0175993870219851
-0.618819693198734	0.116714169189558	0.0175993870219851
0.116714169189558	-0.618819693198734	0.0175993870219851
-0.618819693198734	-0.497894475990824	0.0175993870219851
-0.497894475990824	-0.618819693198734	0.0175993870219851
-0.350577948650252	-0.0397197175688659	0.0192666727329487
-0.0397197175688659	-0.350577948650252	0.0192666727329487
-0.609702333780882	-0.0397197175688659	0.0192666727329487
-0.0397197175688659	-0.609702333780882	0.0192666727329487
-0.609702333780882	-0.350577948650252	0.0192666727329487
-0.350577948650252	-0.609702333780882	0.0192666727329487
-0.339675071527092	-0.184719504321872	0.0204087023286558
-0.184719504321872	-0.339675071527092	0.0204087023286558
-0.475605424151036	-0.184719504321872	0.0204087023286558
-0.184719504321872	-0.475605424151036	0.0204087023286558
-0.475605424151036	-0.339675071527092	0.0204087023286558
-0.339675071527092	-0.475605424151036	0.0204087023286558
