-0.993177579863758	0.986355159727517	0.000305560446299982
0.986355159727517	-0.993177579863758	0.000305560446299982
-0.993177579863758	-0.993177579863758	0.000305560446299982
-0.869251870492806	0.738503740985611	0.00565509006039033
0.738503740985611	-0.869251870492806	0.00565509006039033
-0.869251870492806	-0.869251870492806	0.00565509006039033
-0.811003522913489	0.622007045826978	0.008392396570686
0.622007045826978	-0.811003522913489	0.008392396570686
-0.811003522913489	-0.811003522913489	0.008392396570686
-0.743924876835198	0.487849753670396	0.0112082136040826
0.487849753670396	-0.743924876835198	0.0112082136040826
-0.743924876835198	-0.743924876835198	0.0112082136040826
-0.66890870277212	0.33781740554424	0.0139544116939174
0.33781740554424	-0.66890870277212	0.0139544116939174
-0.66890870277212	-0.66890870277212	0.0139544116939174
-0.587852597463292	0.175705194926584	0.0164432056818876
0.175705194926584	-0.587852597463292	0.0164432056818876
-0.587852597463292	-0.587852597463292	0.0164432056818876
-0.333368963493394	-0.333262073013212	0.00674727729750842
-0.333262073013212	-0.333368963493394	0.00674727729750842
-0.333368963493394	-0.333368963493394	0.00674727729750842
-0.255109994614528	-0.489780010770944	0.0186570572097463
-0.489780010770944	-0.255109994614528	0.0186570572097463
-0.255109994614528	-0.255109994614528	0.0186570572097463
-0.196807700701442	-0.606384598597116	0.00793080981767916
-0.606384598597116	-0.196807700701442	0.00793080981767916
-0.196807700701442	-0.196807700701442	0.00793080981767916
-0.0662773123278561	-0.867445375344288	0.0122938807734177
-0.867445375344288	-0.066277312327856	0.0122938807734177
-0.0662773123278561	-0.066277312327856	0.0122938807734177
-0.028137078403858	-0.943725843192284	0.00819609235747151
-0.943725843192284	-0.0281370784038581	0.00819609235747151
-0.028137078403858	-0.0281370784038581	0.00819609235747151
-0.129475995331986	0.128940235312755	0.00092120227630579
0.128940235312755	-0.129475995331986	0.00092120227630579
-0.999464239980769	0.128940235312755	0.00092120227630579
0.128940235312755	-0.999464239980769	0.00092120227630579
-0.999464239980769	-0.129475995331986	0.00092120227630579
-0.129475995331986	-0.999464239980769	0.00092120227630579
-0.640555869756922	0.639610855111337	0.000789791389976983
0.639610855111337	-0.640555869756922	0.000789791389976983
-0.999054985354415	0.639610855111337	0.000789791389976983
0.639610855111337	-0.999054985354415	0.000789791389976983
-0.999054985354415	-0.640555869756922	0.000789791389976983
-0.640555869756922	-0.999054985354415	0.000789791389976983
-0.385300482198482	0.38352213509536	0.00116514082899227
0.38352213509536	-0.385300482198482	0.00116514082899227
-0.998221652896878	0.38352213509536	0.00116514082899227
0.38352213509536	-0.998221652896878	0.00116514082899227
-0.998221652896878	-0.385300482198482	0.00116514082899227
-0.385300482198482	-0.998221652896878	0.00116514082899227
-0.84041337172725	0.838536405848193	0.000600162569800304
0.838536405848193	-0.84041337172725	0.000600162569800304
-0.998123034120944	0.838536405848193	0.000600162569800304
0.838536405848193	-0.998123034120944	0.000600162569800304
-0.998123034120944	-0.84041337172725	0.000600162569800304
-0.84041337172725	-0.998123034120944	0.000600162569800304
-0.913161859313005	0.906796061473806	0.00100786516112492
0.906796061473806	-0.913161859313005	0.00100786516112492
-0.993634202160802	0.906796061473806	0.00100786516112492
0.906796061473806	-0.993634202160802	0.00100786516112492
-0.993634202160802	-0.913161859313005	0.00100786516112492
-0.913161859313005	-0.993634202160802	0.00100786516112492
-0.964289780224048	0.957781965499359	0.000670477379609493
0.957781965499359	-0.964289780224048	0.000670477379609493
-0.993492185275312	0.957781965499359	0.000670477379609493
0.957781965499359	-0.993492185275312	0.000670477379609493
-0.993492185275312	-0.964289780224048	0.000670477379609493
-0.964289780224048	-0.993492185275312	0.000670477379609493
-0.750574533810172	0.74268840269691	0.00201496559772369
0.74268840269691	-0.750574533810172	0.00201496559772369
-0.992113868886738	0.74268840269691	0.00201496559772369
0.74268840269691	-0.992113868886738	0.00201496559772369
-0.992113868886738	-0.750574533810172	0.00201496559772369
-0.750574533810172	-0.992113868886738	0.00201496559772369
-0.52173837484837	0.512917644602879	0.00288546001752083
0.512917644602879	-0.52173837484837	0.00288546001752083
-0.991179269754509	0.512917644602879	0.00288546001752083
0.512917644602879	-0.991179269754509	0.00288546001752083
-0.991179269754509	-0.52173837484837	0.00288546001752083
-0.52173837484837	-0.991179269754509	0.00288546001752083
-0.257990857162804	0.247440776608493	0.00354504893508382
0.247440776608493	-0.257990857162804	0.00354504893508382
-0.989449919445689	0.247440776608493	0.00354504893508382
0.247440776608493	-0.989449919445689	0.00354504893508382
-0.989449919445689	-0.257990857162804	0.00354504893508382
-0.257990857162804	-0.989449919445689	0.00354504893508382
-0.044659853555834	0.0336886960300367	0.00220664523232903
0.0336886960300367	-0.044659853555834	0.00220664523232903
-0.989028842474203	0.0336886960300367	0.00220664523232903
0.0336886960300367	-0.989028842474203	0.00220664523232903
-0.989028842474203	-0.044659853555834	0.00220664523232903
-0.044659853555834	-0.989028842474203	0.00220664523232903
-0.843701634242681	0.822967363520144	0.00249414140783133
0.822967363520144	-0.843701634242681	0.00249414140783133
-0.979265729277463	0.822967363520144	0.00249414140783133
0.822967363520144	-0.979265729277463	0.00249414140783133
-0.979265729277463	-0.843701634242681	0.00249414140783133
-0.843701634242681	-0.979265729277463	0.00249414140783133
-0.647898203951978	0.625640488163363	0.00404629654563548
0.625640488163363	-0.647898203951978	0.00404629654563548
-0.977742284211385	0.625640488163363	0.00404629654563548
0.625640488163363	-0.977742284211385	0.00404629654563548
-0.977742284211385	-0.647898203951978	0.00404629654563548
-0.647898203951978	-0.977742284211385	0.00404629654563548
-0.403323033098452	0.377151032285576	0.00531836024893333
0.377151032285576	-0.403323033098452	0.00531836024893333
-0.973827999187124	0.377151032285576	0.00531836024893333
0.377151032285576	-0.973827999187124	0.00531836024893333
-0.973827999187124	-0.403323033098452	0.00531836024893333
-0.403323033098452	-0.973827999187124	0.00531836024893333
-0.146133966198058	0.116030472790638	0.00566752605865654
0.116030472790638	-0.146133966198058	0.00566752605865654
-0.96989650659258	0.116030472790638	0.00566752605865654
0.116030472790638	-0.96989650659258	0.00566752605865654
-0.96989650659258	-0.146133966198058	0.00566752605865654
-0.146133966198058	-0.96989650659258	0.00566752605865654
-0.9644829134214	0.931374196614788	0.000756663912935481
0.931374196614788	-0.9644829134214	0.000756663912935481
-0.966891283193388	0.931374196614788	0.000756663912935481
0.931374196614788	-0.966891283193388	0.000756663912935481
-0.966891283193388	-0.9644829134214	0.000756663912935481
-0.9644829134214	-0.966891283193388	0.000756663912935481
-0.915979293777212	0.882695103912988	0.00224442500458773
0.882695103912988	-0.915979293777212	0.00224442500458773
-0.966715810135775	0.882695103912988	0.00224442500458773
0.882695103912988	-0.966715810135775	0.00224442500458773
-0.966715810135775	-0.915979293777212	0.00224442500458773
-0.915979293777212	-0.966715810135775	0.00224442500458773
-0.758983308099292	0.71766911774226	0.00449763306638088
0.71766911774226	-0.758983308099292	0.00449763306638088
-0.958685809642968	0.71766911774226	0.00449763306638088
0.71766911774226	-0.958685809642968	0.00449763306638088
-0.958685809642968	-0.758983308099292	0.00449763306638088
-0.758983308099292	-0.958685809642968	0.00449763306638088
-0.542277207400082	0.495246140633412	0.00650564549455068
0.495246140633411	-0.542277207400082	0.00650564549455068
-0.95296893323333	0.495246140633412	0.00650564549455068
0.495246140633411	-0.95296893323333	0.00650564549455068
-0.95296893323333	-0.542277207400082	0.00650564549455068
-0.542277207400082	-0.95296893323333	0.00650564549455068
-0.291605148355942	0.237752763550357	0.00777986692962856
0.237752763550357	-0.291605148355942	0.00777986692962856
-0.946147615194415	0.237752763550357	0.00777986692962856
0.237752763550357	-0.946147615194415	0.00777986692962856
-0.946147615194415	-0.291605148355942	0.00777986692962856
-0.291605148355942	-0.946147615194415	0.00777986692962856
-0.850643781790488	0.78731542691805	0.00417135440847453
0.78731542691805	-0.850643781790488	0.00417135440847453
-0.936671645127562	0.78731542691805	0.00417135440847453
0.78731542691805	-0.936671645127562	0.00417135440847453
-0.936671645127562	-0.850643781790488	0.00417135440847453
-0.850643781790488	-0.936671645127562	0.00417135440847453
-0.669037202418972	0.596281081266667	0.00697824913768039
0.596281081266667	-0.669037202418972	0.00697824913768039
-0.927243878847695	0.596281081266667	0.00697824913768039
0.596281081266667	-0.927243878847695	0.00697824913768039
-0.927243878847695	-0.669037202418972	0.00697824913768039
-0.669037202418972	-0.927243878847695	0.00697824913768039
-0.91958313399651	0.839183807024125	0.00161026071045987
0.839183807024124	-0.91958313399651	0.00161026071045987
-0.919600673027615	0.839183807024125	0.00161026071045987
0.839183807024124	-0.919600673027615	0.00161026071045987
-0.919600673027615	-0.91958313399651	0.00161026071045987
-0.91958313399651	-0.919600673027615	0.00161026071045987
-0.438827287871394	0.356043402438172	0.00909421628506443
0.356043402438172	-0.438827287871394	0.00909421628506443
-0.917216114566778	0.356043402438172	0.00909421628506443
0.356043402438172	-0.917216114566778	0.00909421628506443
-0.917216114566778	-0.438827287871394	0.00909421628506443
-0.438827287871394	-0.917216114566778	0.00909421628506443
-0.179792571279868	0.0894222847598307	0.0101613113616693
0.0894222847598307	-0.179792571279868	0.0101613113616693
-0.909629713479963	0.0894222847598307	0.0101613113616693
0.0894222847598307	-0.909629713479963	0.0101613113616693
-0.909629713479963	-0.179792571279868	0.0101613113616693
-0.179792571279868	-0.909629713479963	0.0101613113616693
-0.779188615323362	0.677192704078066	0.00667743494652677
0.677192704078066	-0.779188615323362	0.00667743494652677
-0.898004088754704	0.677192704078066	0.00667743494652677
0.677192704078066	-0.898004088754704	0.00667743494652677
-0.898004088754704	-0.779188615323362	0.00667743494652677
-0.779188615323362	-0.898004088754704	0.00667743494652677
-0.577777203290888	0.461907227063366	0.00966231981023777
0.461907227063366	-0.577777203290888	0.00966231981023777
-0.884130023772478	0.461907227063366	0.00966231981023777
0.461907227063366	-0.884130023772478	0.00966231981023777
-0.884130023772478	-0.577777203290888	0.00966231981023777
-0.577777203290888	-0.884130023772478	0.00966231981023777
-0.334173832525946	0.20653558327692	0.0115928617296301
0.20653558327692	-0.334173832525946	0.0115928617296301
-0.872361750750974	0.20653558327692	0.0115928617296301
0.20653558327692	-0.872361750750974	0.0115928617296301
-0.872361750750974	-0.334173832525946	0.0115928617296301
-0.334173832525946	-0.872361750750974	0.0115928617296301
-0.703144373677636	0.551097254435315	0.00942367038521052
0.551097254435315	-0.703144373677636	0.00942367038521052
-0.847952880757679	0.551097254435315	0.00942367038521052
0.551097254435315	-0.847952880757679	0.00942367038521052
-0.847952880757679	-0.703144373677636	0.00942367038521052
-0.703144373677636	-0.847952880757679	0.00942367038521052
-0.483120250770754	0.314407774922613	0.0123115494989337
0.314407774922613	-0.483120250770754	0.0123115494989337
-0.831287524151859	0.314407774922613	0.0123115494989337
0.314407774922613	-0.831287524151859	0.0123115494989337
-0.831287524151859	-0.483120250770754	0.0123115494989337
-0.483120250770754	-0.831287524151859	0.0123115494989337
-0.227576613825408	0.0484014192489904	0.0137198775218609
0.0484014192489904	-0.227576613825408	0.0137198775218609
-0.820824805423582	0.0484014192489904	0.0137198775218609
0.0484014192489904	-0.820824805423582	0.0137198775218609
-0.820824805423582	-0.227576613825408	0.0137198775218609
-0.227576613825408	-0.820824805423582	0.0137198775218609
-0.621119004384366	0.408971120630638	0.0121923512886135
0.408971120630638	-0.621119004384366	0.0121923512886135
-0.787852116246272	0.408971120630638	0.0121923512886135
0.408971120630638	-0.787852116246272	0.0121923512886135
-0.787852116246272	-0.621119004384366	0.0121923512886135
-0.621119004384366	-0.787852116246272	0.0121923512886135
-0.384552551666242	0.155909377834562	0.0146971756386078
0.155909377834562	-0.384552551666242	0.0146971756386078
-0.77135682616832	0.155909377834562	0.0146971756386078
0.155909377834562	-0.77135682616832	0.0146971756386078
-0.77135682616832	-0.384552551666242	0.0146971756386078
-0.384552551666242	-0.77135682616832	0.0146971756386078
-0.13609973705527	-0.09754611293218	0.0080836440141616
-0.09754611293218	-0.13609973705527	0.0080836440141616
-0.76635415001255	-0.09754611293218	0.0080836440141616
-0.09754611293218	-0.76635415001255	0.0080836440141616
-0.76635415001255	-0.13609973705527	0.0080836440141616
-0.13609973705527	-0.76635415001255	0.0080836440141616
-0.533199257403712	0.253165617158108	0.014799499761657
0.253165617158108	-0.533199257403712	0.014799499761657
-0.719966359754396	0.253165617158108	0.014799499761657
0.253165617158108	-0.719966359754396	0.014799499761657
-0.719966359754396	-0.533199257403712	0.014799499761657
-0.533199257403712	-0.719966359754396	0.014799499761657
-0.285321112243328	-0.00811908368974606	0.0162782253449541
-0.00811908368974606	-0.285321112243328	0.0162782253449541
-0.706559804066926	-0.00811908368974606	0.0162782253449541
-0.00811908368974606	-0.706559804066926	0.0162782253449541
-0.706559804066926	-0.285321112243328	0.0162782253449541
-0.285321112243328	-0.706559804066926	0.0162782253449541
-0.197896438203132	-0.146468082848666	0.00672705889061956
-0.146468082848666	-0.197896438203132	0.00672705889061956
-0.655635478948202	-0.146468082848666	0.00672705889061956
-0.146468082848666	-0.655635478948202	0.00672705889061956
-0.655635478948202	-0.197896438203132	0.00672705889061956
-0.197896438203132	-0.655635478948202	0.00672705889061956
-0.441290975704414	0.088189071817338	0.0169438161793838
0.0881890718173381	-0.441290975704414	0.0169438161793838
-0.646898096112924	0.088189071817338	0.0169438161793838
0.0881890718173381	-0.646898096112924	0.0169438161793838
-0.646898096112924	-0.441290975704414	0.0169438161793838
-0.441290975704414	-0.646898096112924	0.0169438161793838
-0.347081005973778	-0.0814589215734621	0.0182979071310136
-0.0814589215734621	-0.347081005973778	0.0182979071310136
-0.57146007245276	-0.0814589215734621	0.0182979071310136
-0.0814589215734621	-0.57146007245276	0.0182979071310136
-0.57146007245276	-0.347081005973778	0.0182979071310136
-0.347081005973778	-0.57146007245276	0.0182979071310136
-0.493961580995932	0.00631844834820194	0.0093975898752624
0.006318448348202	-0.493961580995932	0.0093975898752624
-0.51235686735227	0.00631844834820194	0.0093975898752624
0.00631844834820197	-0.51235686735227	0.0093975898752624
-0.51235686735227	-0.493961580995932	0.0093975898752624
-0.493961580995932	-0.51235686735227	0.0093975898752624
-0.399525467493468	-0.164282763118712	0.0105036435991611
-0.164282763118712	-0.399525467493468	0.0105036435991611
-0.43619176938782	-0.164282763118712	0.0105036435991611
-0.164282763118712	-0.43619176938782	0.0105036435991611
-0.43619176938782	-0.399525467493468	0.0105036435991611
-0.399525467493468	-0.43619176938782	0.0105036435991611
