-0.993531592263905	0.98706318452781	0.00027552546750007
0.98706318452781	-0.993531592263905	0.00027552546750007
-0.993531592263905	-0.993531592263905	0.00027552546750007
-0.967439371443018	0.934878742886036	0.00131897637137128
0.934878742886036	-0.967439371443018	0.00131897637137128
-0.967439371443018	-0.967439371443018	0.00131897637137128
-0.928516809361895	0.857033618723789	0.00279960563577885
0.857033618723789	-0.928516809361895	0.00279960563577885
-0.928516809361895	-0.928516809361895	0.00279960563577885
-0.879594995762953	0.759189991525905	0.0053000341979683
0.759189991525905	-0.879594995762953	0.0053000341979683
-0.879594995762953	-0.879594995762953	0.0053000341979683
-0.814159838297916	0.628319676595832	0.00523572679612235
0.628319676595832	-0.814159838297916	0.00523572679612235
-0.814159838297916	-0.814159838297916	0.00523572679612235
-0.730581242192468	0.461162484384936	0.00911710921076376
0.461162484384936	-0.730581242192468	0.00911710921076376
-0.730581242192468	-0.730581242192468	0.00911710921076376
-0.65876044515021	0.31752089030042	0.0124019302731862
0.31752089030042	-0.65876044515021	0.0124019302731862
-0.65876044515021	-0.65876044515021	0.0124019302731862
-0.57920139160482	0.15840278320964	0.0149603512692424
0.15840278320964	-0.57920139160482	0.0149603512692424
-0.57920139160482	-0.57920139160482	0.0149603512692424
-0.499870145785394	-0.000259708429211969	0.0166526165980065
-0.000259708429211969	-0.499870145785394	0.0166526165980065
-0.499870145785394	-0.499870145785394	0.0166526165980065
-0.297222098480182	-0.405555803039636	0.0132531141995699
-0.405555803039636	-0.297222098480182	0.0132531141995699
-0.297222098480182	-0.297222098480182	0.0132531141995699
-0.235504682787468	-0.528990634425064	0.0147779923001391
-0.528990634425064	-0.235504682787468	0.0147779923001391
-0.235504682787468	-0.235504682787468	0.0147779923001391
-0.129899823007578	-0.740200353984844	0.0145763221217837
-0.740200353984844	-0.129899823007578	0.0145763221217837
-0.129899823007578	-0.129899823007578	0.0145763221217837
-0.08138260863931	-0.83723478272138	0.0106634621519424
-0.83723478272138	-0.0813826086393101	0.0106634621519424
-0.08138260863931	-0.0813826086393101	0.0106634621519424
-0.051300896738012	-0.897398206523976	0.00595255879595382
-0.897398206523976	-0.051300896738012	0.00595255879595382
-0.051300896738012	-0.051300896738012	0.00595255879595382
-0.030495276331384	-0.939009447337232	0.00616517935968184
-0.939009447337232	-0.0304952763313841	0.00616517935968184
-0.030495276331384	-0.0304952763313841	0.00616517935968184
-0.010805080354598	-0.978389839290804	0.00458107002792276
-0.978389839290804	-0.010805080354598	0.00458107002792276
-0.010805080354598	-0.010805080354598	0.00458107002792276
-0.841337003067396	0.841251378727224	0.000387952641981585
0.841251378727224	-0.841337003067396	0.000387952641981585
-0.999914375659829	0.841251378727224	0.000387952641981585
0.841251378727224	-0.999914375659829	0.000387952641981585
-0.999914375659829	-0.841337003067396	0.000387952641981585
-0.841337003067396	-0.999914375659829	0.000387952641981585
-0.0825059234803061	0.0794765862017452	0.00140548260279551
0.0794765862017452	-0.0825059234803061	0.00140548260279551
-0.996970662721439	0.0794765862017452	0.00140548260279551
0.0794765862017452	-0.996970662721439	0.00140548260279551
-0.996970662721439	-0.0825059234803061	0.00140548260279551
-0.0825059234803061	-0.996970662721439	0.00140548260279551
-0.649561607538078	0.646009782935246	0.00110976732848542
0.646009782935246	-0.649561607538078	0.00110976732848542
-0.996448175397168	0.646009782935246	0.00110976732848542
0.646009782935246	-0.996448175397168	0.00110976732848542
-0.996448175397168	-0.649561607538078	0.00110976732848542
-0.649561607538078	-0.996448175397168	0.00110976732848542
-0.254214249734278	0.249790324516181	0.00176657402406855
0.249790324516181	-0.254214249734278	0.00176657402406855
-0.995576074781903	0.249790324516181	0.00176657402406855
0.249790324516181	-0.995576074781903	0.00176657402406855
-0.995576074781903	-0.254214249734278	0.00176657402406855
-0.254214249734278	-0.995576074781903	0.00176657402406855
-0.916161712819766	0.911222608595254	0.000784775461390205
0.911222608595254	-0.916161712819766	0.000784775461390205
-0.995060895775488	0.911222608595254	0.000784775461390205
0.911222608595254	-0.995060895775488	0.000784775461390205
-0.995060895775488	-0.916161712819766	0.000784775461390205
-0.916161712819766	-0.995060895775488	0.000784775461390205
-0.528653550629638	0.523711205409486	0.00163065048207573
0.523711205409486	-0.528653550629638	0.00163065048207573
-0.995057654779848	0.523711205409486	0.00163065048207573
0.523711205409486	-0.995057654779848	0.00163065048207573
-0.995057654779848	-0.528653550629638	0.00163065048207573
-0.528653550629638	-0.995057654779848	0.00163065048207573
-0.965927521570202	0.959670734474558	0.0006178597750089
0.959670734474558	-0.965927521570202	0.0006178597750089
-0.993743212904356	0.959670734474558	0.0006178597750089
0.959670734474558	-0.993743212904356	0.0006178597750089
-0.993743212904356	-0.965927521570202	0.0006178597750089
-0.965927521570202	-0.993743212904356	0.0006178597750089
-0.39713473303176	0.390624882804322	0.00225934104921679
0.390624882804322	-0.39713473303176	0.00225934104921679
-0.993490149772562	0.390624882804322	0.00225934104921679
0.390624882804322	-0.993490149772562	0.00225934104921679
-0.993490149772562	-0.39713473303176	0.00225934104921679
-0.39713473303176	-0.993490149772562	0.00225934104921679
-0.75619579096135	0.749330333364369	0.00167385301455891
0.749330333364369	-0.75619579096135	0.00167385301455891
-0.993134542403019	0.749330333364369	0.00167385301455891
0.749330333364369	-0.993134542403019	0.00167385301455891
-0.993134542403019	-0.75619579096135	0.00167385301455891
-0.75619579096135	-0.993134542403019	0.00167385301455891
-0.852024613539488	0.835336831756915	0.00213456105523755
0.835336831756915	-0.852024613539488	0.00213456105523755
-0.983312218217427	0.835336831756915	0.00213456105523755
0.835336831756915	-0.983312218217427	0.00213456105523755
-0.983312218217427	-0.852024613539488	0.00213456105523755
-0.852024613539488	-0.983312218217427	0.00213456105523755
-0.164368039338376	0.146683943263232	0.00330333696813918
0.146683943263232	-0.164368039338376	0.00330333696813918
-0.982315903924856	0.146683943263232	0.00330333696813918
0.146683943263232	-0.982315903924856	0.00330333696813918
-0.982315903924856	-0.164368039338376	0.00330333696813918
-0.164368039338376	-0.982315903924856	0.00330333696813918
-0.663163568534888	0.641674787670019	0.00271002276754004
0.641674787670019	-0.663163568534888	0.00271002276754004
-0.978511219135131	0.641674787670019	0.00271002276754004
0.641674787670019	-0.978511219135131	0.00271002276754004
-0.978511219135131	-0.663163568534888	0.00271002276754004
-0.663163568534888	-0.978511219135131	0.00271002276754004
-0.560535091534604	0.534775241084275	0.00327448933217571
0.534775241084275	-0.560535091534604	0.00327448933217571
-0.974240149549671	0.534775241084275	0.00327448933217571
0.534775241084275	-0.974240149549671	0.00327448933217571
-0.974240149549671	-0.560535091534604	0.00327448933217571
-0.560535091534604	-0.974240149549671	0.00327448933217571
-0.921010234450978	0.893204593864488	0.00184061627171527
0.893204593864488	-0.921010234450979	0.00184061627171527
-0.972194359413509	0.893204593864488	0.00184061627171527
0.893204593864488	-0.972194359413509	0.00184061627171527
-0.972194359413509	-0.921010234450979	0.00184061627171527
-0.921010234450979	-0.972194359413509	0.00184061627171527
-0.311358769594746	0.281326389064188	0.00519708224939793
0.281326389064188	-0.311358769594746	0.00519708224939793
-0.969967619469442	0.281326389064188	0.00519708224939793
0.281326389064188	-0.969967619469442	0.00519708224939793
-0.969967619469442	-0.311358769594746	0.00519708224939793
-0.311358769594746	-0.969967619469442	0.00519708224939793
-0.452064097159374	0.421096726194711	0.00393130525766964
0.421096726194711	-0.452064097159374	0.00393130525766964
-0.969032629035337	0.421096726194711	0.00393130525766964
0.421096726194711	-0.969032629035337	0.00393130525766964
-0.969032629035337	-0.452064097159374	0.00393130525766964
-0.452064097159374	-0.969032629035337	0.00393130525766964
-0.77793105446768	0.745572777162032	0.00302359980071891
0.745572777162032	-0.77793105446768	0.00302359980071891
-0.967641722694351	0.745572777162032	0.00302359980071891
0.745572777162032	-0.967641722694351	0.00302359980071891
-0.967641722694351	-0.77793105446768	0.00302359980071891
-0.77793105446768	-0.967641722694351	0.00302359980071891
-0.165980836152642	0.115140651801887	0.00656649380738049
0.115140651801887	-0.165980836152642	0.00656649380738049
-0.949159815649245	0.115140651801887	0.00656649380738049
0.115140651801887	-0.949159815649245	0.00656649380738049
-0.949159815649245	-0.165980836152642	0.00656649380738049
-0.165980836152642	-0.949159815649245	0.00656649380738049
-0.697938359028188	0.646755501164578	0.00393621168042574
0.646755501164578	-0.697938359028188	0.00393621168042574
-0.94881714213639	0.646755501164578	0.00393621168042574
0.646755501164578	-0.94881714213639	0.00393621168042574
-0.94881714213639	-0.697938359028188	0.00393621168042574
-0.697938359028188	-0.94881714213639	0.00393621168042574
-0.864847104878652	0.808422479380779	0.00356648561303956
0.808422479380779	-0.864847104878652	0.00356648561303956
-0.943575374502127	0.808422479380779	0.00356648561303956
0.808422479380779	-0.943575374502127	0.00356648561303956
-0.943575374502127	-0.864847104878652	0.00356648561303956
-0.864847104878652	-0.943575374502127	0.00356648561303956
-0.587418751089174	0.521010026423383	0.00644779264620201
0.521010026423383	-0.587418751089174	0.00644779264620201
-0.933591275334209	0.521010026423383	0.00644779264620201
0.521010026423383	-0.933591275334209	0.00644779264620201
-0.933591275334209	-0.587418751089174	0.00644779264620201
-0.587418751089174	-0.933591275334209	0.00644779264620201
-0.445892804380698	0.3784698509063	0.00604871750778307
0.3784698509063	-0.445892804380698	0.00604871750778307
-0.932577046525602	0.3784698509063	0.00604871750778307
0.3784698509063	-0.932577046525602	0.00604871750778307
-0.932577046525602	-0.445892804380698	0.00604871750778307
-0.445892804380698	-0.932577046525602	0.00604871750778307
-0.794092849907746	0.719226955025219	0.0039983081427679
0.719226955025219	-0.794092849907746	0.0039983081427679
-0.925134105117473	0.719226955025219	0.0039983081427679
0.719226955025219	-0.925134105117473	0.0039983081427679
-0.925134105117473	-0.794092849907746	0.0039983081427679
-0.794092849907746	-0.925134105117473	0.0039983081427679
-0.309726972373618	0.232733677873691	0.00791518007582019
0.232733677873691	-0.309726972373618	0.00791518007582019
-0.923006705500073	0.232733677873691	0.00791518007582019
0.232733677873691	-0.923006705500073	0.00791518007582019
-0.923006705500073	-0.309726972373618	0.00791518007582019
-0.309726972373618	-0.923006705500073	0.00791518007582019
-0.698101793944576	0.595980366553611	0.00657659270797988
0.595980366553611	-0.698101793944576	0.00657659270797988
-0.897878572609035	0.595980366553611	0.00657659270797988
0.595980366553611	-0.897878572609035	0.00657659270797988
-0.897878572609035	-0.698101793944576	0.00657659270797988
-0.698101793944576	-0.897878572609035	0.00657659270797988
-0.192133888764978	0.0804380755569103	0.00995109845273281
0.0804380755569103	-0.192133888764978	0.00995109845273281
-0.888304186791932	0.0804380755569103	0.00995109845273281
0.0804380755569103	-0.888304186791932	0.00995109845273281
-0.888304186791932	-0.192133888764978	0.00995109845273281
-0.192133888764978	-0.888304186791932	0.00995109845273281
-0.529707223928518	0.416085228138312	0.00613686900872732
0.416085228138312	-0.529707223928518	0.00613686900872732
-0.886378004209794	0.416085228138312	0.00613686900872732
0.416085228138312	-0.886378004209794	0.00613686900872732
-0.886378004209794	-0.529707223928518	0.00613686900872732
-0.529707223928518	-0.886378004209794	0.00613686900872732
-0.42274626113515	0.29984892434861	0.00670877504784665
0.29984892434861	-0.42274626113515	0.00670877504784665
-0.87710266321346	0.29984892434861	0.00670877504784665
0.29984892434861	-0.87710266321346	0.00670877504784665
-0.87710266321346	-0.42274626113515	0.00670877504784665
-0.42274626113515	-0.87710266321346	0.00670877504784665
-0.797200023695756	0.673372457170702	0.00486290850170325
0.673372457170702	-0.797200023695756	0.00486290850170325
-0.876172433474946	0.673372457170702	0.00486290850170325
0.673372457170702	-0.876172433474946	0.00486290850170325
-0.876172433474946	-0.797200023695756	0.00486290850170325
-0.797200023695756	-0.876172433474946	0.00486290850170325
-0.618619107050586	0.473712778503946	0.00785870060177707
0.473712778503946	-0.618619107050586	0.00785870060177707
-0.85509367145336	0.473712778503946	0.00785870060177707
0.473712778503946	-0.85509367145336	0.00785870060177707
-0.85509367145336	-0.618619107050586	0.00785870060177707
-0.618619107050586	-0.85509367145336	0.00785870060177707
-0.332820143069584	0.179047357859786	0.0100922094714477
0.179047357859786	-0.332820143069584	0.0100922094714477
-0.846227214790202	0.179047357859786	0.0100922094714477
0.179047357859786	-0.846227214790202	0.0100922094714477
-0.846227214790202	-0.332820143069584	0.0100922094714477
-0.332820143069584	-0.846227214790202	0.0100922094714477
-0.726461905804364	0.546202488981318	0.00819398179651915
0.546202488981318	-0.726461905804364	0.00819398179651915
-0.819740583176954	0.546202488981318	0.00819398179651915
0.546202488981318	-0.819740583176954	0.00819398179651915
-0.819740583176954	-0.726461905804364	0.00819398179651915
-0.726461905804364	-0.819740583176954	0.00819398179651915
-0.498523834606296	0.308981951440765	0.0110453857286437
0.308981951440765	-0.498523834606296	0.0110453857286437
-0.810458116834469	0.308981951440765	0.0110453857286437
0.308981951440765	-0.810458116834469	0.0110453857286437
-0.810458116834469	-0.498523834606296	0.0110453857286437
-0.498523834606296	-0.810458116834469	0.0110453857286437
-0.228913034627978	0.0302066557804519	0.0125438619395431
0.0302066557804519	-0.228913034627978	0.0125438619395431
-0.801293621152474	0.0302066557804519	0.0125438619395431
0.0302066557804519	-0.801293621152474	0.0125438619395431
-0.801293621152474	-0.228913034627978	0.0125438619395431
-0.228913034627978	-0.801293621152474	0.0125438619395431
-0.62286963369162	0.394306645896598	0.0107438958432664
0.394306645896598	-0.62286963369162	0.0107438958432664
-0.771437012204978	0.394306645896598	0.0107438958432664
0.394306645896598	-0.771437012204978	0.0107438958432664
-0.771437012204978	-0.62286963369162	0.0107438958432664
-0.62286963369162	-0.771437012204978	0.0107438958432664
-0.395922029389072	0.155282816509244	0.013254689335338
0.155282816509244	-0.395922029389072	0.013254689335338
-0.759360787120172	0.155282816509244	0.013254689335338
0.155282816509244	-0.759360787120172	0.013254689335338
-0.759360787120172	-0.395922029389072	0.013254689335338
-0.395922029389072	-0.759360787120172	0.013254689335338
-0.534533431746242	0.239736624102766	0.0133333603005249
0.239736624102766	-0.534533431746242	0.0133333603005249
-0.705203192356524	0.239736624102766	0.0133333603005249
0.239736624102766	-0.705203192356524	0.0133333603005249
-0.705203192356524	-0.534533431746242	0.0133333603005249
-0.534533431746242	-0.705203192356524	0.0133333603005249
-0.297007349270596	0.00151003961754803	0.013813075394565
0.00151003961754803	-0.297007349270596	0.013813075394565
-0.704502690346952	0.00151003961754803	0.013813075394565
0.00151003961754803	-0.704502690346952	0.013813075394565
-0.704502690346952	-0.297007349270596	0.013813075394565
-0.297007349270596	-0.704502690346952	0.013813075394565
-0.441196414141482	0.081576065877906	0.0153030655885267
0.0815760658779059	-0.441196414141482	0.0153030655885267
-0.640379651736424	0.081576065877906	0.0153030655885267
0.081576065877906	-0.640379651736424	0.0153030655885267
-0.640379651736424	-0.441196414141482	0.0153030655885267
-0.441196414141482	-0.640379651736424	0.0153030655885267
-0.23735936403444	-0.126063074179324	0.011413476717187
-0.126063074179324	-0.23735936403444	0.011413476717187
-0.636577561786236	-0.126063074179324	0.011413476717187
-0.126063074179324	-0.636577561786236	0.011413476717187
-0.636577561786236	-0.23735936403444	0.011413476717187
-0.23735936403444	-0.636577561786236	0.011413476717187
-0.360041482906256	-0.06869051903718	0.0143162165636179
-0.06869051903718	-0.360041482906256	0.0143162165636179
-0.571267998056564	-0.06869051903718	0.0143162165636179
-0.06869051903718	-0.571267998056564	0.0143162165636179
-0.571267998056564	-0.360041482906256	0.0143162165636179
-0.360041482906256	-0.571267998056564	0.0143162165636179
-0.376716767273744	-0.161097126349422	0.0126389233893255
-0.161097126349422	-0.376716767273744	0.0126389233893255
-0.462186106376834	-0.161097126349422	0.0126389233893255
-0.161097126349422	-0.462186106376834	0.0126389233893255
-0.462186106376834	-0.376716767273744	0.0126389233893255
-0.376716767273744	-0.462186106376834	0.0126389233893255
